1772428478.706686 0.009283 0.001680 -0.000266 -0.047176 -0.010649 0.000510 0.998830 
1772428478.806703 0.005504 0.000144 0.000672 -0.046226 -0.009752 -0.001112 0.998883 
1772428478.906733 0.002235 0.000338 0.002576 -0.047175 -0.010282 -0.000864 0.998833 
1772428479.006680 0.000314 0.001045 0.003340 -0.046929 -0.010701 -0.000664 0.998841 
1772428479.107238 0.000681 0.001310 0.002678 -0.046367 -0.009993 -0.001179 0.998874 
1772428479.206805 0.001370 0.001202 0.002691 -0.046744 -0.010707 -0.001080 0.998849 
1772428479.306696 0.001586 0.000960 0.002084 -0.046554 -0.010230 -0.000888 0.998863 
1772428479.406696 0.001829 0.000077 0.000236 -0.045942 -0.010102 -0.001294 0.998892 
1772428479.506675 0.001690 0.000781 0.000426 -0.047930 -0.011411 -0.001708 0.998784 
1772428479.606740 -0.003080 0.003672 0.008308 -0.059679 -0.011310 -0.005327 0.998139 
1772428479.706662 -0.012462 0.012331 0.021397 -0.076463 -0.002154 -0.016697 0.996930 
1772428479.806796 -0.006834 -0.000855 0.013822 -0.073082 -0.003987 -0.025059 0.997003 
1772428479.906702 -0.013901 0.010688 0.011342 -0.084342 -0.032386 -0.007889 0.995879 
1772428480.006628 -0.020245 0.016672 0.011215 -0.101561 -0.041030 -0.007413 0.993955 
1772428480.107324 -0.032905 0.023266 0.024238 -0.117040 -0.032599 -0.008654 0.992554 
1772428480.206593 -0.053047 0.030001 0.011803 -0.092595 -0.047050 -0.002501 0.994588 
1772428480.306622 -0.082994 0.038413 -0.014807 -0.148858 -0.007935 -0.052911 0.987410 
1772428480.406905 -0.058121 0.012875 -0.011395 -0.184837 -0.009814 -0.059597 0.980911 
1772428480.506661 -0.095110 0.013702 -0.032486 -0.197585 -0.006109 -0.062571 0.978268 
1772428480.606729 -0.123145 0.012472 -0.047567 -0.199049 -0.006773 -0.082217 0.976511 
1772428480.706758 -0.140456 0.008805 -0.042743 -0.202858 -0.013177 -0.083604 0.975544 
1772428480.806666 -0.179511 0.020404 -0.049992 -0.198698 -0.006401 -0.096471 0.975280 
1772428480.906699 -0.201788 0.024950 -0.055793 -0.212547 -0.016793 -0.108440 0.970970 
1772428481.006669 -0.223399 0.028702 -0.073321 -0.211261 -0.019556 -0.119952 0.969844 
1772428481.107299 -0.240537 0.028972 -0.084501 -0.202955 -0.020589 -0.133969 0.969762 
1772428481.206874 -0.240039 0.018446 -0.089897 -0.198749 -0.026263 -0.144913 0.968922 
1772428481.306806 -0.249615 0.019236 -0.093746 -0.187380 -0.028001 -0.146591 0.970884 
1772428481.406872 -0.258154 0.021803 -0.095146 -0.180404 -0.035020 -0.145856 0.972087 
1772428481.506766 -0.269638 0.020841 -0.105092 -0.173067 -0.039464 -0.146599 0.973139 
1772428481.606764 -0.281700 0.020005 -0.122539 -0.165722 -0.039562 -0.154119 0.973251 
1772428481.706720 -0.292451 0.023789 -0.135760 -0.158167 -0.047736 -0.151479 0.974555 
1772428481.806749 -0.300240 0.022187 -0.148260 -0.150588 -0.056690 -0.155287 0.974677 
1772428481.906808 -0.308936 0.025082 -0.155686 -0.147395 -0.064584 -0.156179 0.974532 
1772428482.006720 -0.316721 0.025890 -0.157129 -0.153037 -0.069031 -0.159233 0.972861 
1772428482.107370 -0.319753 0.023729 -0.159882 -0.153814 -0.068548 -0.169152 0.971097 
1772428482.206808 -0.319569 0.021765 -0.161614 -0.168455 -0.077836 -0.164205 0.968814 
1772428482.306729 -0.323776 0.028355 -0.163456 -0.175016 -0.081630 -0.159064 0.968197 
1772428482.406758 -0.324397 0.031585 -0.168303 -0.171536 -0.088751 -0.164291 0.967319 
1772428482.506818 -0.314864 0.020584 -0.173002 -0.171973 -0.087350 -0.161886 0.967775 
1772428482.607043 -0.304267 0.011164 -0.180372 -0.169217 -0.084675 -0.151556 0.970168 
1772428482.706844 -0.295140 0.006172 -0.179772 -0.171042 -0.088230 -0.144279 0.970641 
1772428482.806794 -0.287524 -0.001186 -0.175051 -0.172929 -0.089006 -0.140500 0.970790 
1772428482.906775 -0.281027 -0.000287 -0.172908 -0.174214 -0.090251 -0.128658 0.972086 
1772428483.006843 -0.273524 0.001367 -0.174268 -0.172595 -0.087272 -0.121435 0.973575 
1772428483.107360 -0.264047 -0.001112 -0.175844 -0.171752 -0.086485 -0.114809 0.974598 
1772428483.207029 -0.255303 -0.003505 -0.175768 -0.169860 -0.085228 -0.105743 0.976065 
1772428483.306888 -0.245818 -0.005579 -0.173620 -0.167615 -0.083986 -0.095548 0.977610 
1772428483.406882 -0.231049 -0.010603 -0.171646 -0.164207 -0.082354 -0.084054 0.979382 
1772428483.506828 -0.218621 -0.009703 -0.167956 -0.166353 -0.086654 -0.073733 0.979480 
1772428483.606866 -0.202749 -0.013237 -0.164926 -0.163959 -0.087934 -0.066606 0.980280 
1772428483.706975 -0.190178 -0.012824 -0.161476 -0.162925 -0.087040 -0.058461 0.981051 
1772428483.806890 -0.178130 -0.014665 -0.159040 -0.160443 -0.084871 -0.049246 0.982156 
1772428483.907042 -0.168235 -0.013509 -0.156799 -0.158199 -0.085821 -0.038818 0.982904 
1772428484.006956 -0.157737 -0.014472 -0.158273 -0.155279 -0.081698 -0.031778 0.983974 
1772428484.107516 -0.145374 -0.015493 -0.158794 -0.152966 -0.078361 -0.020253 0.984912 
1772428484.206950 -0.131746 -0.011318 -0.153015 -0.154742 -0.076359 -0.004059 0.984991 
1772428484.306812 -0.113174 -0.007628 -0.149493 -0.146748 -0.075257 0.027041 0.985936 
1772428484.406754 -0.096802 -0.003142 -0.146473 -0.146768 -0.072230 0.041157 0.985671 
1772428484.506939 -0.081156 -0.006895 -0.145972 -0.145676 -0.072486 0.051563 0.985325 
1772428484.606802 -0.063782 -0.003182 -0.149829 -0.142125 -0.070896 0.075857 0.984388 
1772428484.706878 -0.048778 -0.004295 -0.149783 -0.139569 -0.069646 0.080790 0.984451 
1772428484.806870 -0.033344 -0.001244 -0.145700 -0.140064 -0.065267 0.103629 0.982539 
1772428484.906815 -0.015501 0.000213 -0.150380 -0.123231 -0.046791 0.122015 0.983736 
1772428485.006984 0.006571 0.006441 -0.157876 -0.117132 -0.040835 0.140442 0.982287 
1772428485.107363 0.026654 0.011477 -0.155477 -0.118180 -0.040986 0.149086 0.980881 
1772428485.206894 0.043001 0.010628 -0.149190 -0.118553 -0.045797 0.154720 0.979750 
1772428485.306888 0.059247 0.012257 -0.146881 -0.114252 -0.043266 0.175026 0.976955 
1772428485.406829 0.072822 0.015219 -0.146291 -0.112285 -0.037048 0.193060 0.974037 
1772428485.506812 0.082813 0.017640 -0.145282 -0.114544 -0.030436 0.201528 0.972286 
1772428485.606851 0.091137 0.020128 -0.146853 -0.111183 -0.022570 0.205560 0.972046 
1772428485.706946 0.101655 0.018952 -0.153230 -0.105674 -0.012833 0.213787 0.971063 
1772428485.806854 0.111994 0.020024 -0.152751 -0.099986 -0.010370 0.222765 0.969676 
1772428485.906888 0.124439 0.017262 -0.154689 -0.098912 -0.010756 0.230430 0.967989 
1772428486.006897 0.135949 0.020646 -0.158068 -0.094083 -0.003634 0.243347 0.965359 
1772428486.107568 0.150809 0.022771 -0.152289 -0.093068 0.010257 0.258957 0.961340 
1772428486.206923 0.164798 0.025744 -0.145468 -0.095070 0.018971 0.275305 0.956456 
1772428486.306885 0.180099 0.026317 -0.147634 -0.092631 0.025365 0.283783 0.954067 
1772428486.406898 0.196046 0.024762 -0.147304 -0.090355 0.028671 0.299371 0.949416 
1772428486.506868 0.211276 0.025692 -0.154237 -0.092413 0.040161 0.314481 0.943901 
1772428486.606845 0.227309 0.024825 -0.161804 -0.085293 0.050343 0.328898 0.939157 
1772428486.706914 0.241958 0.029704 -0.164550 -0.085448 0.053454 0.345281 0.933071 
1772428486.806927 0.257204 0.042145 -0.167316 -0.079438 0.063656 0.363085 0.926178 
1772428486.906777 0.268437 0.046630 -0.163966 -0.062513 0.053901 0.374570 0.923517 
1772428487.006882 0.273633 0.050407 -0.151551 -0.067701 0.065331 0.369871 0.924307 
1772428487.107617 0.286817 0.047979 -0.155919 -0.055840 0.090206 0.371993 0.922153 
1772428487.207096 0.304200 0.053028 -0.160088 -0.055339 0.103404 0.385804 0.915096 
1772428487.306891 0.315521 0.055434 -0.168330 -0.045742 0.099230 0.395406 0.911984 
1772428487.406988 0.325691 0.058400 -0.168902 -0.069641 0.087873 0.404227 0.907761 
1772428487.506984 0.338109 0.061259 -0.172286 -0.079280 0.107723 0.416710 0.899146 
1772428487.606981 0.352302 0.066960 -0.174453 -0.086558 0.108089 0.437357 0.888563 
1772428487.706958 0.362068 0.078020 -0.169872 -0.118125 0.044977 0.462292 0.877673 
1772428487.806926 0.350418 0.100488 -0.151139 -0.153971 0.040620 0.485097 0.859839 
1772428487.906836 0.345755 0.107100 -0.150634 -0.161891 0.030951 0.484826 0.858940 
1772428488.007010 0.341593 0.110293 -0.151412 -0.167974 0.018114 0.480954 0.860314 
1772428488.107587 0.340825 0.115942 -0.161110 -0.179390 0.013473 0.485490 0.855533 
1772428488.206922 0.352048 0.119858 -0.164343 -0.184845 -0.001971 0.499956 0.846092 
1772428488.306935 0.361827 0.121248 -0.163333 -0.188070 -0.003474 0.504347 0.842764 
1772428488.407076 0.363158 0.127116 -0.160994 -0.189087 -0.005336 0.518973 0.833597 
1772428488.506799 0.383291 0.121165 -0.154244 -0.185288 -0.003669 0.528150 0.828681 
1772428488.606909 0.377064 0.114764 -0.155532 -0.181223 0.002531 0.514467 0.838138 
1772428488.707035 0.363703 0.111860 -0.160340 -0.178148 -0.000896 0.507614 0.842965 
1772428488.806935 0.355385 0.102324 -0.160392 -0.173411 -0.008303 0.500250 0.848298 
1772428488.907004 0.344073 0.092194 -0.170393 -0.165733 -0.007185 0.485021 0.858624 
1772428489.007062 0.324620 0.088756 -0.177713 -0.164309 -0.001202 0.471707 0.866310 
1772428489.107551 0.306748 0.084001 -0.179715 -0.161397 0.005220 0.461039 0.872563 
1772428489.207057 0.291723 0.077546 -0.178911 -0.161352 0.013130 0.447904 0.879304 
1772428489.306967 0.278647 0.074054 -0.173386 -0.159034 0.014073 0.443176 0.882103 
1772428489.406916 0.266756 0.069005 -0.171166 -0.151314 0.016216 0.439452 0.885281 
1772428489.506909 0.253275 0.061115 -0.171591 -0.144610 0.015944 0.422867 0.894437 
1772428489.606960 0.236583 0.049388 -0.179651 -0.139771 0.016231 0.402081 0.904727 
1772428489.706919 0.221957 0.036684 -0.187768 -0.132876 0.012948 0.376056 0.916929 
1772428489.807017 0.207409 0.024001 -0.194795 -0.122167 0.011279 0.341712 0.931762 
1772428489.907026 0.193263 0.015356 -0.189700 -0.121772 0.001356 0.321235 0.939137 
1772428490.006949 0.172410 0.011934 -0.186727 -0.117402 -0.001868 0.298350 0.947207 
1772428490.107571 0.150618 0.002139 -0.188013 -0.108373 -0.005276 0.267006 0.957567 
1772428490.207009 0.128046 -0.008714 -0.186401 -0.107492 -0.010836 0.239749 0.964805 
1772428490.306911 0.098187 -0.011127 -0.181257 -0.102402 -0.027929 0.205201 0.972947 
1772428490.407031 0.074894 -0.018795 -0.179320 -0.100718 -0.040562 0.164642 0.980359 
1772428490.507072 0.054501 -0.024742 -0.179072 -0.105411 -0.048826 0.142630 0.982935 
1772428490.607079 0.034449 -0.025236 -0.183330 -0.105411 -0.054899 0.121340 0.985470 
1772428490.707002 0.016997 -0.025561 -0.188889 -0.104899 -0.051359 0.113493 0.986650 
1772428490.806974 0.000525 -0.027773 -0.193659 -0.106658 -0.044863 0.102208 0.988011 
1772428490.906995 -0.016277 -0.031599 -0.196088 -0.106705 -0.038348 0.084438 0.989956 
1772428491.007003 -0.033968 -0.038298 -0.190235 -0.112357 -0.034877 0.067568 0.990754 
